initial: 6
0.71954    0.00051    0.09171    0.18824    0.00000    0.00000    

transition: 6
0.30887    0.00079    0.49362    0.00010    0.00000    0.19662    
0.00095    0.20018    0.79832    0.00055    0.00000    0.00000    
0.00020    0.49904    0.20185    0.29891    0.00000    0.00000    
0.00000    0.20164    0.00001    0.59787    0.00000    0.20047    
0.10495    0.00000    0.00000    0.00000    0.49757    0.39748    
0.00001    0.39427    0.00000    0.00000    0.30056    0.30516    

observation: 6
0.99545    0.49867    0.29765    0.09839    0.00021    0.09896    
0.00248    0.00003    0.39973    0.09977    0.10419    0.09745    
0.00207    0.00181    0.20104    0.80184    0.09076    0.30883    
0.00000    0.49941    0.10155    0.00000    0.00388    0.39588    
0.00000    0.00009    0.00004    0.00000    0.00220    0.09888    
0.00000    0.00000    0.00000    0.00000    0.79877    0.00000    

