initial: 6
0.71793    0.00249    0.09204    0.18754    0.00000    0.00000    

transition: 6
0.29590    0.00780    0.50643    0.00032    0.00000    0.18955    
0.19887    0.20121    0.59956    0.00000    0.00035    0.00001    
0.00254    0.49626    0.20140    0.29978    0.00000    0.00001    
0.00001    0.20194    0.00073    0.59742    0.00000    0.19990    
0.10738    0.00000    0.00000    0.00000    0.50020    0.39242    
0.00016    0.39448    0.00000    0.00000    0.30406    0.30130    

observation: 6
0.69595    0.49824    0.30242    0.10014    0.00003    0.09744    
0.00115    0.00051    0.39833    0.09928    0.10286    0.09739    
0.30290    0.00014    0.20041    0.19623    0.09768    0.30223    
0.00000    0.50111    0.09877    0.00000    0.00080    0.40384    
0.00000    0.00000    0.00008    0.60436    0.00286    0.09910    
0.00000    0.00000    0.00000    0.00000    0.79577    0.00000    

